<?xml version="1.0" standalone="no"?>
<!DOCTYPE svg PUBLIC "-//W3C//DTD SVG 20010904//EN"
 "http://www.w3.org/TR/2001/REC-SVG-20010904/DTD/svg10.dtd">
<svg version="1.0" xmlns="http://www.w3.org/2000/svg"
 width="697.000000pt" height="227.000000pt" viewBox="0 0 697.000000 227.000000"
 preserveAspectRatio="xMidYMid meet">
<metadata>
Created by potrace 1.16, written by Peter Selinger 2001-2019
</metadata>
<g transform="translate(0.000000,227.000000) scale(0.100000,-0.100000)"
fill="#000000" stroke="none">
<path d="M2715 2207 c-118 -31 -213 -107 -235 -187 -20 -73 4 -135 74 -197
l45 -40 -57 -23 c-71 -29 -68 -26 -50 -47 15 -17 -5 -36 -279 -273 -161 -140
-311 -269 -331 -287 l-38 -31 -54 18 c-79 27 -168 34 -247 21 -225 -39 -342
-200 -249 -341 29 -44 30 -43 -57 -55 -43 -6 -46 -8 -36 -26 6 -12 9 -22 7
-24 -2 -2 -117 -62 -255 -134 l-253 -130 -47 29 c-72 44 -161 63 -268 57 -143
-7 -251 -59 -306 -144 -97 -153 50 -323 293 -340 146 -11 275 32 350 116 l43
48 150 -24 c401 -62 236 -58 2565 -58 2217 0 2152 -1 2463 42 122 17 127 16
140 -20 1 -5 30 7 63 25 l60 34 42 -47 c152 -171 527 -153 644 30 76 120 0
257 -176 318 -37 13 -81 18 -161 18 -123 0 -186 -16 -252 -64 l-39 -28 -54 49
c-52 46 -55 48 -64 28 -5 -11 -13 -19 -17 -18 -58 22 -469 215 -469 221 0 5
10 23 23 40 33 47 31 140 -3 190 -30 44 -107 100 -170 123 -92 33 -258 29
-360 -10 -11 -4 -25 12 -48 54 -18 33 -35 60 -39 60 -3 0 -11 -7 -17 -15 -9
-12 -69 39 -349 297 l-338 311 51 45 c76 66 100 127 80 202 -39 146 -280 238
-485 185 -119 -31 -217 -109 -231 -182 -7 -39 -12 -39 -87 -14 l-57 20 0 -25
0 -24 -210 0 c-192 0 -211 2 -216 18 -40 135 -160 211 -344 218 -57 2 -115 -2
-145 -9z m270 -21 c188 -56 260 -209 155 -328 -99 -113 -328 -150 -492 -79
-53 23 -123 82 -144 122 -18 36 -18 112 0 147 35 67 142 134 244 152 61 11
174 4 237 -14z m1228 14 c110 -18 216 -82 253 -152 18 -35 18 -111 0 -147 -8
-15 -33 -44 -56 -65 -113 -102 -317 -123 -479 -51 -63 28 -124 85 -141 131
-45 118 57 241 234 279 75 17 114 18 189 5z m-583 -256 c0 -28 6 -28 79 2 49
20 58 18 65 -19 8 -45 63 -107 123 -139 104 -57 252 -74 363 -42 30 9 62 17
71 17 14 2 689 -608 689 -622 0 -2 -7 -12 -15 -21 -14 -15 -10 -19 45 -41 33
-13 60 -26 60 -29 0 -3 -12 -13 -28 -22 -15 -9 -36 -26 -46 -37 -18 -20 -19
-20 -77 25 -58 45 -58 45 -65 20 l-6 -24 -209 70 c-177 59 -209 73 -203 87 35
84 24 150 -36 215 -117 127 -368 154 -543 58 -60 -32 -115 -94 -123 -139 -7
-39 -16 -40 -86 -13 -29 11 -54 20 -55 20 -2 0 -3 -11 -3 -25 l0 -25 -212 2
-212 3 -9 37 c-11 48 -64 108 -124 140 -175 96 -426 69 -543 -58 -56 -61 -68
-115 -43 -198 5 -17 0 -18 -65 -11 l-70 7 5 -26 c6 -28 26 -20 -246 -95 l-145
-39 -52 46 c-48 44 -51 48 -36 63 44 42 632 549 638 549 4 0 12 -7 19 -17 11
-14 17 -9 47 43 38 65 39 65 128 40 194 -56 456 41 486 178 3 17 8 34 11 39 2
4 98 7 214 7 l209 0 0 -26z m-645 -478 c67 -20 136 -65 171 -112 25 -32 29
-46 29 -100 0 -54 -4 -67 -31 -101 -69 -86 -221 -142 -354 -129 -179 16 -310
113 -310 228 0 62 17 95 75 146 43 37 119 71 195 86 42 8 172 -2 225 -18z
m1312 -6 c66 -23 144 -83 168 -131 19 -36 19 -112 0 -148 -25 -50 -102 -108
-173 -133 -92 -31 -241 -31 -324 1 -139 54 -204 140 -184 244 14 76 135 166
252 187 72 13 190 4 261 -20z m-667 -235 c0 -14 1 -25 3 -25 1 0 27 9 57 20
72 26 77 26 84 -13 14 -73 112 -151 231 -182 148 -38 330 -1 421 86 l30 29
210 -68 209 -68 -3 -29 -3 -28 65 5 c36 3 66 3 66 1 0 -3 -5 -24 -12 -46 l-12
-40 -706 7 c-702 6 -1465 19 -1907 32 l-233 6 0 24 c0 13 -2 24 -3 24 -2 0
-30 -9 -62 -20 -32 -11 -61 -20 -64 -20 -4 0 -11 20 -17 45 l-10 45 35 10 c20
5 108 30 196 54 l160 44 9 -23 9 -23 60 40 59 40 37 -35 c123 -120 364 -142
534 -49 59 31 113 92 123 136 3 17 8 34 11 39 2 4 98 7 214 7 l209 0 0 -25z
m-1809 -111 c102 -48 159 -120 159 -199 -1 -37 -37 -101 -79 -137 -60 -51
-140 -79 -242 -85 -102 -7 -170 7 -252 50 -206 108 -165 313 78 393 26 9 80
13 155 11 105 -2 121 -5 181 -33z m3630 -38 c171 -37 273 -150 238 -265 -38
-126 -236 -212 -420 -182 -284 45 -372 279 -152 403 94 53 216 69 334 44z
m-3393 -201 c34 -14 64 -25 67 -25 3 0 5 12 5 26 l0 26 113 -6 c160 -9 2288
-45 2707 -46 22 0 28 -7 38 -45 14 -52 70 -113 131 -145 141 -72 353 -64 474
17 l49 33 242 -111 c132 -61 242 -112 244 -114 2 -2 -1 -12 -7 -23 -9 -17 -6
-20 27 -26 20 -3 50 -6 65 -6 16 0 27 -3 25 -7 -41 -81 -50 -109 -45 -148 l6
-42 -70 12 -70 12 5 -23 c8 -29 11 -28 -194 -54 -321 -40 -428 -42 -2500 -38
-2164 4 -2036 1 -2415 58 -201 31 -185 24 -179 74 6 42 -13 100 -48 148 -7 9
-10 19 -8 22 3 2 115 61 250 131 241 125 245 127 259 106 14 -21 15 -21 60 30
l47 52 79 -39 c74 -37 85 -39 186 -42 80 -3 121 0 165 13 109 32 188 94 215
169 7 20 14 36 14 36 1 0 29 -11 63 -25z m-1534 -360 c123 -26 212 -96 236
-186 26 -94 -59 -199 -200 -245 -72 -24 -214 -25 -291 -1 -243 73 -279 292
-66 397 102 50 200 61 321 35z m6145 0 c322 -76 315 -372 -10 -441 -201 -43
-408 43 -449 186 -23 79 35 172 139 222 95 46 212 58 320 33z"/>
<path d="M2805 2040 c-4 -6 -4 -14 0 -18 3 -3 10 0 15 7 4 8 15 11 24 8 19 -7
13 -29 -20 -74 -13 -17 -24 -34 -24 -37 0 -3 18 -6 40 -6 31 0 40 4 40 17 0
13 -3 14 -12 5 -12 -12 -48 -17 -48 -6 0 3 11 20 26 36 32 39 29 72 -8 76 -14
2 -29 -2 -33 -8z"/>
<path d="M4095 2039 c-4 -6 -4 -13 0 -17 4 -4 10 -1 12 6 6 17 43 15 43 -2 0
-7 -7 -19 -16 -27 -14 -11 -14 -13 0 -21 22 -13 21 -48 -2 -48 -10 0 -24 6
-31 13 -11 10 -13 9 -9 -3 3 -10 17 -15 39 -15 28 0 35 4 37 24 2 13 -2 27 -9
32 -10 6 -10 10 0 23 7 9 11 23 7 31 -6 17 -61 21 -71 4z"/>
<path d="M3460 1425 c-11 -13 -10 -14 4 -9 13 5 16 -2 16 -44 0 -40 -4 -52
-17 -55 -10 -3 0 -5 22 -5 22 0 34 2 28 5 -9 3 -13 26 -13 64 0 62 -13 76 -40
44z"/>
<path d="M2806 1308 c-9 -34 -8 -38 13 -38 24 0 45 -25 37 -45 -7 -18 -42 -20
-49 -2 -3 7 -6 5 -6 -5 -1 -26 55 -24 69 1 14 28 2 51 -31 58 -31 6 -34 10
-20 32 5 8 18 12 30 8 12 -3 21 -1 21 4 0 5 -13 9 -29 9 -21 0 -30 -6 -35 -22z"/>
<path d="M4100 1311 c-26 -50 -2 -115 41 -109 20 2 24 8 24 38 0 32 -3 35 -27
35 -29 -1 -34 10 -19 34 6 8 16 11 31 6 15 -5 20 -4 16 4 -12 18 -54 13 -66
-8z m50 -71 c0 -20 -5 -30 -15 -30 -18 0 -30 24 -21 45 10 28 36 17 36 -15z"/>
<path d="M1605 983 c-18 -14 -18 -15 -2 -9 17 5 19 1 15 -49 -2 -44 0 -55 12
-55 12 0 14 12 12 65 -2 36 -7 65 -10 65 -4 0 -16 -8 -27 -17z"/>
<path d="M5325 890 c-31 -49 -31 -50 0 -50 26 0 35 -24 13 -33 -7 -3 3 -5 22
-5 19 0 29 2 23 5 -7 2 -13 11 -13 18 0 7 6 16 13 18 10 4 10 6 0 6 -8 1 -13
16 -13 41 0 51 -13 51 -45 0z m25 -15 c0 -18 -5 -25 -20 -25 -20 0 -20 1 -4
25 9 14 18 25 20 25 2 0 4 -11 4 -25z"/>
<path d="M381 351 c-25 -46 -6 -111 33 -111 56 0 59 122 4 128 -18 2 -30 -3
-37 -17z m54 -12 c11 -35 -4 -91 -23 -87 -17 3 -29 65 -18 94 8 21 34 17 41
-7z"/>
<path d="M6520 362 c0 -5 14 -7 30 -4 36 5 35 6 10 -58 -23 -57 -23 -60 -12
-60 5 0 16 24 26 53 9 28 20 58 23 65 3 8 -7 12 -36 12 -23 0 -41 -4 -41 -8z"/>
<path d="M3460 2150 c-40 -40 -18 -125 30 -118 46 6 53 105 10 128 -15 8 -24
6 -40 -10z m50 -51 c0 -37 -9 -59 -25 -59 -26 0 -36 85 -13 108 17 17 38 -11
38 -49z"/>
</g>
</svg>
